19950127
19950225
19970114
19971124
19971214
19980312
19991129
19991224
20000116
20000202
20000206
20001207
20010203
20010223
20020213
20030113
20030209
20031202
20040106
20040113
20040122
20041217
20060206
20060218
20060315
20070124
20070205
20070305
20071201
20080215
20090322
20091216
20110302
20111217
20110219
20130129
20130316
20160118
20161215
20161216
20161230
20170322
20180109
20070129
20090324
20100219
20130303
20130305
20150213
20170311
20081222
20120310
20121201
20130316
20150212
20160114
20170105
20170205
20180310
20090131
20130321
20140227
20150122
20150219
20120310